100
    1        0    3   51   13   63   14  103    9  191    9  -1
    2      157    6   53    9  176   14  168    4   80    3  -1
    3      337   15  104    5   85   12   67    5   68    5  -1
    4      409   13  116   10   93   13  100    3  198    1  166   11  -1
    5      598  277  165  179  158  214  147  205  193  201  143  186  -1
    6      617    2  137    3  135   11  102    3   56   13  162    7  192    8  -1
    7      746   15  175    4  135    8   86   12   82   12  131    4   67    6  -1
    8      814    4  116   11  176   13   50    2   65    9  143    2  197   14   62   12  -1
    9     1089   12  125    9  194    6   83   14  122    1  186   10  -1
   10     1241   12   67    6  134   14  199    7  176    3   63    3   59    5  -1
   11     1591    2  187    1  117    5  134   11  188    3  182    6  -1
   12     1739   14  106   12   99    8   98   12   75    6  126    4   72    1  185   10   71    4  180   11  -1
   13     1845   11   82    3   76   12  107    1  123    1  131    2  178   10   74    7  187    2   73   15  -1
   14     1845    7  135   14  159    8  112    6   56    5   60    6  177    3  127   12  -1
   15     2233    8   79    5  120    3  103   14  120    1  190    3  138    6  115    3  -1
   16     2489    4  103    5   96    2   68    2  -1
   17     2760   10   98   13  148    7  119    3  200    2  127    2  115   14  141    5  171    1   82    1  -1
   18     2798    5  109    1   94   10  118   12  129    7   75   11  -1
   19     3150    1  151    1  103   10  110   12  160    4  162   13   77   12   75   13  -1
   20     3545    5   79    8  173   13  103   13  182   13  196    8  196    3  -1
   21     3818    6   98   11  194    9  146    3  186    6  176   15  -1
   22     3894    7   86    4  200    6  196    3  100    9   68    7  177   12  174    3   82    7  -1
   23     4025    3   69   14  136    9   50    4   95    1  -1
   24     4113   10   67    3  116    5  188   14  -1
   25     4376    3  124   11   59    5  152   15  139   10  166    3  -1
   26     4664    3  195    6   99   14   67    2  -1
   27     4679   13  190   11   54   14  162    9   67    6  161   10  160   11  109    8  157    6  -1
   28     4994   12  134    1  113   13   66   10  144    6  146   10  133    5   67    1  -1
   29     5321  259  153  248  148  211   82  199  -1
   30     5757    8  160    6   95    1   82    7  104   10  -1
   31     6174    4  164   11  123    6  180   14  115    1  133   13  106    7   63    5  122    9   75   11  -1
   32     6180   12   86   10  178    5  189    2  178   14  138   12  114    6  -1
   33     6606  234  136  159  122  164  -1
   34     6787    6   53    7   55    7   68    9  120   11   53   14   82   11   78   14  162    6   96    2  -1
   35     7110    4  104   11   64    3  162   12   72    4  -1
   36     7307   10  200   12  181    1  191   12  157   12  159    1  157    6  133    4  -1
   37     7477   13  149   10   66    6   94    4  181    7  -1
   38     7713  101   82  178  108  165  190  102  -1
   39     8165    9  131   13   61    3   73   11  115   13  141    6  102    7   62    5   98   12  -1
   40     8278    7  145    3  186    3  154   14  125   15  147    8  -1
   41     8670    6   52   11  104    5  165   14   68    8  -1
   42     8988   15  141    3  179    8   92   12  182    6  170   12  -1
   43     9222    9  143    7  156    7  175    9  131    4  157    5   93   15   77   13   66   14  191   10  -1
   44     9478   13  190    1   97   10   76    5  102    6  112   11  -1
   45     9510    5  164    5  196    9  129   12  186   13  198    3  194   11   86   12  -1
   46     9658    5  126    4  149    7  108   10   99   11  135    6  133    3  142    7  147   14  102   11  -1
   47     9729    9   64    9   78    7  174    8   50   11  -1
   48     9980    4   98    8  160   13  188   11  159    9  123    2  111   14  -1
   49    10100    9   78    2  166   11  160    6   81    7  -1
   50    10510   15   99   11   65   15  107   12  178   14  -1
   51    10956    2  192    9  167   12   87   13  131    6  147   11  -1
   52    10959   14  154   14  115   10  186    8   79    6  134    5   66   11  112    5  -1
   53    11451  223   64  297  108  229  193  256  127  257   86  221  131  300  -1
   54    11750   15   70    5  112    3   51   10  -1
   55    11970   12  131   14   75    4   62   11   65    4  123    2  143    5  100   15  -1
   56    12212   10  177    1  179    8  172   10  145    7   96   14  196    2  -1
   57    12568   12  143   14  188    3  197    9   69    7  -1
   58    12651    4   70   13  141   10  180    2   59   10  129   14  122    5   79    5  182    7  -1
   59    12667    2  136   10  139   11   72   14  179    5  101    3  140   14  170    5  -1
   60    13093   11  112    8   78    8  158    6   68   15   83   13   67    2  178    1  -1
   61    13426    1  120    1   82   12  195   10  159   15  -1
   62    13451    1  110    1   86   12  148   15  132    1  116    1  185   12  195    8  -1
   63    13656  205  139  209   54  186  -1
   64    13773    6  102    1  140    2  195   10  113   12  167   15  132    2  -1
   65    14171    4  105    5  185   15  142    1  110    4  139    2  137    7  -1
   66    14596    2  159    9  164    5  190    4   65   11  -1
   67    14731   15   70   11   96   13   77    3  174    9   95    3  136    3  -1
   68    15118   11  148    3  147    7  148    5  116    1  -1
   69    15455   12  123    2  153   13  110   10  175   11   85    4  134    1  166    7  139    6  128    4  -1
   70    15578    7  159   14  140    4  168    4  100    3  -1
   71    15974   13  114   11   68    7  156    4  166    1  199   15  -1
   72    16044   10   95    9  154    5  107    6   53   13  173    6  111   11   92    3  -1
   73    16061   10  155   11  181   14  167    2  110    8   87   15  187    7  149   10  -1
   74    16319    3   99   10   75   13  144    9   85   10  -1
   75    16320    8  182   13  116    3  153   10  116    4   60   15  145    1   58    7  197   14   93   10  -1
   76    16390   12  107    5  199    5   83   15  152    6   67   13  162    1  -1
   77    16535   11  182   14  107   12  153    2  -1
   78    16794    7  179    2  183    6  119   10   73    3   98    5  182    2  107    4  -1
   79    17276    7  176   11  162    4  192   14   67    5  164    4   62    1  136    8  -1
   80    17452    3  176    7  137    7   96    6   95   12  123   12  143   12  191    5  157    7  165    6  -1
   81    17596  245   61  143  142  275  -1
   82    17748    4  128    3  163   15  110    2  186    1   53    7  184    5  -1
   83    17988  263  146  148  118  136  163  258   64  262   96  179  105  133  -1
   84    18062    9  122   13   75   11  193    9  106    1  179   15   62   11  145   11  188    1  150    9  -1
   85    18196  139  108  102  170  198  135  266  142  172  163  150   79  189  -1
   86    18556  295  164  275   89  190  114  194  122  148  189  121  -1
   87    18719   13  187    7  153    3   67    4   78   10  -1
   88    18824   11  133    3  159    1  187    6   50   10  -1
   89    18852   10   54    3  188    7  117   13   73   15  148    5  134   12  152   12  -1
   90    18879   12  116    9  122    1  155    3  157   13  173    2  122   13  -1
   91    19293    3  104    5  180    2  146    7  122   14   75   11   76   13  153    3   83    2   89   13  -1
   92    19309   15  161   15  196    4   63    1  116   10  102    1  123   14  194    1   77    5  -1
   93    19780    3  190    6  129    6  103    5   83    6   72    1  124   13  140   12   82   12  -1
   94    20154   14  128   10  124    1   53    4  108    5  -1
   95    20308    9  140   10  196   14  134    1   96   12  178    4  178   12  -1
   96    20541    9  117    2   75   14  150    8   93   12  117   12  116   14  185   12  -1
   97    20731    7   64    6  113    5  165    8  104    4  175    1   96    5  178    5  200   14  -1
   98    20851    3  178    7   50   14   75    6  187    3   56    9   64    9   71   12  -1
   99    21120   15  194   12  145    4  182   14  166    8  142    3  150   11   64   14   74   10   83   11  -1
  100    21359    3  140    2   57    6  190    5  180   10  194   15   76   15  182   12   57    3  102   12  -1
